0 0 0 0 78 NaN
-0.803083 -0.544056 -0.243025 5 78 NaN
-0.444923 0.839855 -0.310946 5 78 NaN
0.391102 -0.136036 -0.910238 5 78 NaN
0.064021 -0.490158 0.86928 10 78 NaN
0.991982 -0.032999 -0.121998 10 78 NaN
0.093018 0.877167 0.47109 10 78 NaN
-0.558829 0.222932 0.798756 18 78 NaN
0.714962 -0.358981 0.599968 18 78 NaN
-0.232877 -0.972488 -0.005997 18 78 NaN
-0.93926 -0.341094 0.038011 18 78 NaN
0 0 0 0 78 NaN
0.268147 0.431236 0.861471 18 78 NaN
-0.127003 -0.624017 0.771021 18 78 NaN
0.621046 -0.767057 -0.161012 18 78 NaN
-0.669878 -0.595891 -0.442919 18 78 NaN
-0.842989 0.362995 -0.396995 25 78 NaN
-0.523704 -0.72659 0.444749 25 78 NaN
-0.185062 0.605204 0.774261 25 78 NaN
0.427031 0.903066 0.046003 36 78 NaN
-0.113991 0.104991 -0.987919 36 78 NaN
-0.897699 0.415323 0.147115 36 78 NaN
0 0 0 0 78 NaN
0.194968 -0.707883 -0.678888 36 78 NaN
-0.316131 0.783325 -0.535222 36 78 NaN
-0.796218 -0.349095 0.494135 36 78 NaN
0.810409 0.209106 0.547276 36 78 NaN
0.592259 -0.681298 -0.430188 50 78 NaN
-0.633283 -0.084038 -0.769344 50 78 NaN
0.485958 0.609948 -0.625946 50 78 NaN
0.086987 0.470931 0.877871 100 78 NaN
0.064995 0.882939 -0.464968 100 78 NaN
0.979039 -0.202008 0.026001 100 78 NaN
0 0 0 0 78 NaN
-0.803083 -0.544056 -0.243025 200 78 NaN
-0.444923 0.839855 -0.310946 200 78 NaN
0.391102 -0.136036 -0.910238 200 78 NaN
0.064021 -0.490158 0.86928 400 78 NaN
0.991982 -0.032999 -0.121998 400 78 NaN
0.093018 0.877167 0.47109 400 78 NaN
-0.842989 0.362995 -0.396995 600 78 NaN
-0.523704 -0.72659 0.444749 600 78 NaN
-0.185062 0.605204 0.774261 600 78 NaN
0.060986 0.957786 0.280937 800 78 NaN
0 0 0 0 78 NaN
-0.988835 0.095984 -0.113981 800 78 NaN
-0.132025 -0.272052 0.953183 800 78 NaN
-0.61598 0.447986 0.647979 800 78 NaN
-0.646901 -0.710891 0.275958 800 78 NaN
-0.568975 -0.181992 -0.801964 800 78 NaN
-0.45299 0.787983 -0.416991 800 78 NaN
-0.023007 -0.540159 -0.841248 800 78 NaN
0.82606 0.183013 -0.533039 800 78 NaN
0.095998 0.849983 -0.51799 800 78 NaN
0.753985 0.553989 0.352993 800 78 NaN
0 0 0 0 78 NaN
0.714294 -0.694286 -0.088036 800 78 NaN
0.522767 -0.355842 0.774655 800 78 NaN
0.408843 -0.094963 -0.907651 800 78 NaN
0.450943 0.882889 0.130984 800 78 NaN
0.592259 -0.681298 -0.430188 1200 78 NaN
-0.633283 -0.084038 -0.769344 1200 78 NaN
0.485958 0.609948 -0.625946 1200 78 NaN
0.086987 0.470931 0.877871 1600 78 NaN
0.064995 0.882939 -0.464968 1600 78 NaN
0.979039 -0.202008 0.026001 1600 78 NaN
0 0 0 0 114 NaN
-0.803083 -0.544056 -0.243025 5 114 NaN
-0.444923 0.839855 -0.310946 5 114 NaN
0.391102 -0.136036 -0.910238 5 114 NaN
0.064021 -0.490158 0.86928 10 114 NaN
0.991982 -0.032999 -0.121998 10 114 NaN
0.093018 0.877167 0.47109 10 114 NaN
-0.558829 0.222932 0.798756 18 114 NaN
0.714962 -0.358981 0.599968 18 114 NaN
-0.232877 -0.972488 -0.005997 18 114 NaN
-0.93926 -0.341094 0.038011 18 114 NaN
0 0 0 0 114 NaN
0.268147 0.431236 0.861471 18 114 NaN
-0.127003 -0.624017 0.771021 18 114 NaN
0.621046 -0.767057 -0.161012 18 114 NaN
-0.669878 -0.595891 -0.442919 18 114 NaN
-0.842989 0.362995 -0.396995 25 114 NaN
-0.523704 -0.72659 0.444749 25 114 NaN
-0.185062 0.605204 0.774261 25 114 NaN
0.427031 0.903066 0.046003 36 114 NaN
-0.113991 0.104991 -0.987919 36 114 NaN
-0.897699 0.415323 0.147115 36 114 NaN
0 0 0 0 114 NaN
0.194968 -0.707883 -0.678888 36 114 NaN
-0.316131 0.783325 -0.535222 36 114 NaN
-0.796218 -0.349095 0.494135 36 114 NaN
0.810409 0.209106 0.547276 36 114 NaN
0.592259 -0.681298 -0.430188 50 114 NaN
-0.633283 -0.084038 -0.769344 50 114 NaN
0.485958 0.609948 -0.625946 50 114 NaN
0.086987 0.470931 0.877871 100 114 NaN
0.064995 0.882939 -0.464968 100 114 NaN
0.979039 -0.202008 0.026001 100 114 NaN
0 0 0 0 114 NaN
-0.803083 -0.544056 -0.243025 200 114 NaN
-0.444923 0.839855 -0.310946 200 114 NaN
0.391102 -0.136036 -0.910238 200 114 NaN
0.064021 -0.490158 0.86928 400 114 NaN
0.991982 -0.032999 -0.121998 400 114 NaN
0.093018 0.877167 0.47109 400 114 NaN
-0.842989 0.362995 -0.396995 600 114 NaN
-0.523704 -0.72659 0.444749 600 114 NaN
-0.185062 0.605204 0.774261 600 114 NaN
0.060986 0.957786 0.280937 800 114 NaN
0 0 0 0 114 NaN
-0.988835 0.095984 -0.113981 800 114 NaN
-0.132025 -0.272052 0.953183 800 114 NaN
-0.61598 0.447986 0.647979 800 114 NaN
-0.646901 -0.710891 0.275958 800 114 NaN
-0.568975 -0.181992 -0.801964 800 114 NaN
-0.45299 0.787983 -0.416991 800 114 NaN
-0.023007 -0.540159 -0.841248 800 114 NaN
0.82606 0.183013 -0.533039 800 114 NaN
0.095998 0.849983 -0.51799 800 114 NaN
0.753985 0.553989 0.352993 800 114 NaN
0 0 0 0 114 NaN
0.714294 -0.694286 -0.088036 800 114 NaN
0.522767 -0.355842 0.774655 800 114 NaN
0.408843 -0.094963 -0.907651 800 114 NaN
0.450943 0.882889 0.130984 800 114 NaN
0.592259 -0.681298 -0.430188 1200 114 NaN
-0.633283 -0.084038 -0.769344 1200 114 NaN
0.485958 0.609948 -0.625946 1200 114 NaN
0.086987 0.470931 0.877871 1600 114 NaN
0.064995 0.882939 -0.464968 1600 114 NaN
0.979039 -0.202008 0.026001 1600 114 NaN
0 0 0 0 150 NaN
-0.803083 -0.544056 -0.243025 5 150 NaN
-0.444923 0.839855 -0.310946 5 150 NaN
0.391102 -0.136036 -0.910238 5 150 NaN
0.064021 -0.490158 0.86928 10 150 NaN
0.991982 -0.032999 -0.121998 10 150 NaN
0.093018 0.877167 0.47109 10 150 NaN
-0.558829 0.222932 0.798756 18 150 NaN
0.714962 -0.358981 0.599968 18 150 NaN
-0.232877 -0.972488 -0.005997 18 150 NaN
-0.93926 -0.341094 0.038011 18 150 NaN
0 0 0 0 150 NaN
0.268147 0.431236 0.861471 18 150 NaN
-0.127003 -0.624017 0.771021 18 150 NaN
0.621046 -0.767057 -0.161012 18 150 NaN
-0.669878 -0.595891 -0.442919 18 150 NaN
-0.842989 0.362995 -0.396995 25 150 NaN
-0.523704 -0.72659 0.444749 25 150 NaN
-0.185062 0.605204 0.774261 25 150 NaN
0.427031 0.903066 0.046003 36 150 NaN
-0.113991 0.104991 -0.987919 36 150 NaN
-0.897699 0.415323 0.147115 36 150 NaN
0 0 0 0 150 NaN
0.194968 -0.707883 -0.678888 36 150 NaN
-0.316131 0.783325 -0.535222 36 150 NaN
-0.796218 -0.349095 0.494135 36 150 NaN
0.810409 0.209106 0.547276 36 150 NaN
0.592259 -0.681298 -0.430188 50 150 NaN
-0.633283 -0.084038 -0.769344 50 150 NaN
0.485958 0.609948 -0.625946 50 150 NaN
0.086987 0.470931 0.877871 100 150 NaN
0.064995 0.882939 -0.464968 100 150 NaN
0.979039 -0.202008 0.026001 100 150 NaN
0 0 0 0 150 NaN
-0.803083 -0.544056 -0.243025 200 150 NaN
-0.444923 0.839855 -0.310946 200 150 NaN
0.391102 -0.136036 -0.910238 200 150 NaN
0.064021 -0.490158 0.86928 400 150 NaN
0.991982 -0.032999 -0.121998 400 150 NaN
0.093018 0.877167 0.47109 400 150 NaN
-0.842989 0.362995 -0.396995 600 150 NaN
-0.523704 -0.72659 0.444749 600 150 NaN
-0.185062 0.605204 0.774261 600 150 NaN
0.060986 0.957786 0.280937 800 150 NaN
0 0 0 0 150 NaN
-0.988835 0.095984 -0.113981 800 150 NaN
-0.132025 -0.272052 0.953183 800 150 NaN
-0.61598 0.447986 0.647979 800 150 NaN
-0.646901 -0.710891 0.275958 800 150 NaN
-0.568975 -0.181992 -0.801964 800 150 NaN
-0.45299 0.787983 -0.416991 800 150 NaN
-0.023007 -0.540159 -0.841248 800 150 NaN
0.82606 0.183013 -0.533039 800 150 NaN
0.095998 0.849983 -0.51799 800 150 NaN
0.753985 0.553989 0.352993 800 150 NaN
0 0 0 0 150 NaN
0.714294 -0.694286 -0.088036 800 150 NaN
0.522767 -0.355842 0.774655 800 150 NaN
0.408843 -0.094963 -0.907651 800 150 NaN
0.450943 0.882889 0.130984 800 150 NaN
0.592259 -0.681298 -0.430188 1200 150 NaN
-0.633283 -0.084038 -0.769344 1200 150 NaN
0.485958 0.609948 -0.625946 1200 150 NaN
0.086987 0.470931 0.877871 1600 150 NaN
0.064995 0.882939 -0.464968 1600 150 NaN
0.979039 -0.202008 0.026001 1600 150 NaN
0 0 0 0 186 NaN
-0.803083 -0.544056 -0.243025 5 186 NaN
-0.444923 0.839855 -0.310946 5 186 NaN
0.391102 -0.136036 -0.910238 5 186 NaN
0.064021 -0.490158 0.86928 10 186 NaN
0.991982 -0.032999 -0.121998 10 186 NaN
0.093018 0.877167 0.47109 10 186 NaN
-0.558829 0.222932 0.798756 18 186 NaN
0.714962 -0.358981 0.599968 18 186 NaN
-0.232877 -0.972488 -0.005997 18 186 NaN
-0.93926 -0.341094 0.038011 18 186 NaN
0 0 0 0 186 NaN
0.268147 0.431236 0.861471 18 186 NaN
-0.127003 -0.624017 0.771021 18 186 NaN
0.621046 -0.767057 -0.161012 18 186 NaN
-0.669878 -0.595891 -0.442919 18 186 NaN
-0.842989 0.362995 -0.396995 25 186 NaN
-0.523704 -0.72659 0.444749 25 186 NaN
-0.185062 0.605204 0.774261 25 186 NaN
0.427031 0.903066 0.046003 36 186 NaN
-0.113991 0.104991 -0.987919 36 186 NaN
-0.897699 0.415323 0.147115 36 186 NaN
0 0 0 0 186 NaN
0.194968 -0.707883 -0.678888 36 186 NaN
-0.316131 0.783325 -0.535222 36 186 NaN
-0.796218 -0.349095 0.494135 36 186 NaN
0.810409 0.209106 0.547276 36 186 NaN
0.592259 -0.681298 -0.430188 50 186 NaN
-0.633283 -0.084038 -0.769344 50 186 NaN
0.485958 0.609948 -0.625946 50 186 NaN
0.086987 0.470931 0.877871 100 186 NaN
0.064995 0.882939 -0.464968 100 186 NaN
0.979039 -0.202008 0.026001 100 186 NaN
0 0 0 0 186 NaN
-0.803083 -0.544056 -0.243025 200 186 NaN
-0.444923 0.839855 -0.310946 200 186 NaN
0.391102 -0.136036 -0.910238 200 186 NaN
0.064021 -0.490158 0.86928 400 186 NaN
0.991982 -0.032999 -0.121998 400 186 NaN
0.093018 0.877167 0.47109 400 186 NaN
-0.842989 0.362995 -0.396995 600 186 NaN
-0.523704 -0.72659 0.444749 600 186 NaN
-0.185062 0.605204 0.774261 600 186 NaN
0.060986 0.957786 0.280937 800 186 NaN
0 0 0 0 186 NaN
-0.988835 0.095984 -0.113981 800 186 NaN
-0.132025 -0.272052 0.953183 800 186 NaN
-0.61598 0.447986 0.647979 800 186 NaN
-0.646901 -0.710891 0.275958 800 186 NaN
-0.568975 -0.181992 -0.801964 800 186 NaN
-0.45299 0.787983 -0.416991 800 186 NaN
-0.023007 -0.540159 -0.841248 800 186 NaN
0.82606 0.183013 -0.533039 800 186 NaN
0.095998 0.849983 -0.51799 800 186 NaN
0.753985 0.553989 0.352993 800 186 NaN
0 0 0 0 186 NaN
0.714294 -0.694286 -0.088036 800 186 NaN
0.522767 -0.355842 0.774655 800 186 NaN
0.408843 -0.094963 -0.907651 800 186 NaN
0.450943 0.882889 0.130984 800 186 NaN
0.592259 -0.681298 -0.430188 1200 186 NaN
-0.633283 -0.084038 -0.769344 1200 186 NaN
0.485958 0.609948 -0.625946 1200 186 NaN
0.086987 0.470931 0.877871 1600 186 NaN
0.064995 0.882939 -0.464968 1600 186 NaN
0.979039 -0.202008 0.026001 1600 186 NaN
0 0 0 0 222 NaN
-0.803083 -0.544056 -0.243025 5 222 NaN
-0.444923 0.839855 -0.310946 5 222 NaN
0.391102 -0.136036 -0.910238 5 222 NaN
0.064021 -0.490158 0.86928 10 222 NaN
0.991982 -0.032999 -0.121998 10 222 NaN
0.093018 0.877167 0.47109 10 222 NaN
-0.558829 0.222932 0.798756 18 222 NaN
0.714962 -0.358981 0.599968 18 222 NaN
-0.232877 -0.972488 -0.005997 18 222 NaN
-0.93926 -0.341094 0.038011 18 222 NaN
0 0 0 0 222 NaN
0.268147 0.431236 0.861471 18 222 NaN
-0.127003 -0.624017 0.771021 18 222 NaN
0.621046 -0.767057 -0.161012 18 222 NaN
-0.669878 -0.595891 -0.442919 18 222 NaN
-0.842989 0.362995 -0.396995 25 222 NaN
-0.523704 -0.72659 0.444749 25 222 NaN
-0.185062 0.605204 0.774261 25 222 NaN
0.427031 0.903066 0.046003 36 222 NaN
-0.113991 0.104991 -0.987919 36 222 NaN
-0.897699 0.415323 0.147115 36 222 NaN
0 0 0 0 222 NaN
0.194968 -0.707883 -0.678888 36 222 NaN
-0.316131 0.783325 -0.535222 36 222 NaN
-0.796218 -0.349095 0.494135 36 222 NaN
0.810409 0.209106 0.547276 36 222 NaN
0.592259 -0.681298 -0.430188 50 222 NaN
-0.633283 -0.084038 -0.769344 50 222 NaN
0.485958 0.609948 -0.625946 50 222 NaN
0.086987 0.470931 0.877871 100 222 NaN
0.064995 0.882939 -0.464968 100 222 NaN
0.979039 -0.202008 0.026001 100 222 NaN
0 0 0 0 222 NaN
-0.803083 -0.544056 -0.243025 200 222 NaN
-0.444923 0.839855 -0.310946 200 222 NaN
0.391102 -0.136036 -0.910238 200 222 NaN
0.064021 -0.490158 0.86928 400 222 NaN
0.991982 -0.032999 -0.121998 400 222 NaN
0.093018 0.877167 0.47109 400 222 NaN
-0.842989 0.362995 -0.396995 600 222 NaN
-0.523704 -0.72659 0.444749 600 222 NaN
-0.185062 0.605204 0.774261 600 222 NaN
0.060986 0.957786 0.280937 800 222 NaN
0 0 0 0 222 NaN
-0.988835 0.095984 -0.113981 800 222 NaN
-0.132025 -0.272052 0.953183 800 222 NaN
-0.61598 0.447986 0.647979 800 222 NaN
-0.646901 -0.710891 0.275958 800 222 NaN
-0.568975 -0.181992 -0.801964 800 222 NaN
-0.45299 0.787983 -0.416991 800 222 NaN
-0.023007 -0.540159 -0.841248 800 222 NaN
0.82606 0.183013 -0.533039 800 222 NaN
0.095998 0.849983 -0.51799 800 222 NaN
0.753985 0.553989 0.352993 800 222 NaN
0 0 0 0 222 NaN
0.714294 -0.694286 -0.088036 800 222 NaN
0.522767 -0.355842 0.774655 800 222 NaN
0.408843 -0.094963 -0.907651 800 222 NaN
0.450943 0.882889 0.130984 800 222 NaN
0.592259 -0.681298 -0.430188 1200 222 NaN
-0.633283 -0.084038 -0.769344 1200 222 NaN
0.485958 0.609948 -0.625946 1200 222 NaN
0.086987 0.470931 0.877871 1600 222 NaN
0.064995 0.882939 -0.464968 1600 222 NaN
0.979039 -0.202008 0.026001 1600 222 NaN
